mutation_id	ref_counts	var_counts	normal_cn	minor_cn	major_cn	variant_case	variant_freq
TCGA-A8-A097:10:4884037:G	42	11	2	1	5	TCGA-A8-A097	0.207547169811321
TCGA-A8-A097:1:115223067:G	129	63	2	2	3	TCGA-A8-A097	0.328125
TCGA-A8-A097:7:98942068:G	85	26	2	1	2	TCGA-A8-A097	0.234234234234234
TCGA-A8-A097:2:32824821:C	118	28	2	2	2	TCGA-A8-A097	0.191780821917808
TCGA-A8-A097:4:100461586:C	172	78	2	2	2	TCGA-A8-A097	0.312
TCGA-A8-A097:5:24511481:G	64	40	2	2	2	TCGA-A8-A097	0.384615384615385
TCGA-A8-A097:19:45490564:C	16	14	2	1	3	TCGA-A8-A097	0.466666666666667
TCGA-A8-A097:20:61467606:G	31	7	2	1	3	TCGA-A8-A097	0.184210526315789
TCGA-A8-A097:16:3779642:C	19	14	2	2	2	TCGA-A8-A097	0.424242424242424
TCGA-A8-A097:9:122075479:C	131	33	2	1	2	TCGA-A8-A097	0.201219512195122
TCGA-A8-A097:15:51783884:T	101	17	2	2	2	TCGA-A8-A097	0.144067796610169
TCGA-A8-A097:2:183597233:G	103	28	2	1	2	TCGA-A8-A097	0.213740458015267
TCGA-A8-A097:19:10250460:G	25	5	2	0	2	TCGA-A8-A097	0.166666666666667
TCGA-A8-A097:6:4116163:G	89	25	2	1	1	TCGA-A8-A097	0.219298245614035
TCGA-A8-A097:10:86259685:C	106	28	2	1	1	TCGA-A8-A097	0.208955223880597
TCGA-A8-A097:10:5800903:T	134	15	2	1	5	TCGA-A8-A097	0.100671140939597
TCGA-A8-A097:4:22438206:C	92	32	2	1	2	TCGA-A8-A097	0.258064516129032
TCGA-A8-A097:5:145895382:A	91	48	2	2	2	TCGA-A8-A097	0.345323741007194
TCGA-A8-A097:7:86468645:C	161	42	2	1	2	TCGA-A8-A097	0.206896551724138
TCGA-A8-A097:17:7912874:C	28	18	2	0	2	TCGA-A8-A097	0.391304347826087
TCGA-A8-A097:2:197136015:T	58	37	2	1	2	TCGA-A8-A097	0.389473684210526
TCGA-A8-A097:2:102964505:C	150	39	2	1	2	TCGA-A8-A097	0.206349206349206
TCGA-A8-A097:4:128565122:G	63	47	2	1	2	TCGA-A8-A097	0.427272727272727
TCGA-A8-A097:20:10625009:G	25	23	2	1	2	TCGA-A8-A097	0.479166666666667
TCGA-A8-A097:1:154842243:A	38	11	2	3	3	TCGA-A8-A097	0.224489795918367
TCGA-A8-A097:1:154842244:A	39	11	2	3	3	TCGA-A8-A097	0.22
TCGA-A8-A097:4:55980407:C	111	76	2	2	2	TCGA-A8-A097	0.406417112299465
TCGA-A8-A097:1:92642676:A	90	27	2	2	3	TCGA-A8-A097	0.230769230769231
TCGA-A8-A097:18:30267172:C	131	66	2	2	2	TCGA-A8-A097	0.33502538071066
TCGA-A8-A097:19:51381748:C	118	27	2	1	3	TCGA-A8-A097	0.186206896551724
TCGA-A8-A097:3:3887664:T	60	19	2	2	2	TCGA-A8-A097	0.240506329113924
TCGA-A8-A097:8:6335116:C	64	41	2	0	1	TCGA-A8-A097	0.39047619047619
TCGA-A8-A097:11:102712906:G	117	40	2	0	2	TCGA-A8-A097	0.254777070063694
TCGA-A8-A097:12:6601615:G	90	21	2	0	2	TCGA-A8-A097	0.189189189189189
TCGA-A8-A097:2:95767455:C	64	15	2	1	2	TCGA-A8-A097	0.189873417721519
TCGA-A8-A097:3:47045357:C	34	16	2	2	2	TCGA-A8-A097	0.32
TCGA-A8-A097:13:52701610:C	169	30	2	1	3	TCGA-A8-A097	0.150753768844221
TCGA-A8-A097:6:44226961:C	115	16	2	2	2	TCGA-A8-A097	0.122137404580153
TCGA-A8-A097:17:5436639:T	42	56	2	0	2	TCGA-A8-A097	0.571428571428571
TCGA-A8-A097:19:56243391:A	138	83	2	3	3	TCGA-A8-A097	0.375565610859729
TCGA-A8-A097:7:107824982:C	55	31	2	1	2	TCGA-A8-A097	0.36046511627907
TCGA-A8-A097:12:113388650:G	59	17	2	1	2	TCGA-A8-A097	0.223684210526316
TCGA-A8-A097:14:96997870:G	100	30	2	0	2	TCGA-A8-A097	0.230769230769231
TCGA-A8-A097:5:140563393:C	48	17	2	2	2	TCGA-A8-A097	0.261538461538462
TCGA-A8-A097:3:195968873:C	105	17	2	1	4	TCGA-A8-A097	0.139344262295082
TCGA-A8-A097:10:3189822:G	30	56	2	1	5	TCGA-A8-A097	0.651162790697674
TCGA-A8-A097:14:69967295:G	29	9	2	2	3	TCGA-A8-A097	0.236842105263158
TCGA-A8-A097:17:56833490:G	38	12	2	2	4	TCGA-A8-A097	0.24
TCGA-A8-A097:11:20529900:C	51	51	2	0	2	TCGA-A8-A097	0.5
TCGA-A8-A097:12:70954712:G	101	78	2	1	2	TCGA-A8-A097	0.435754189944134
TCGA-A8-A097:2:79253897:G	216	40	2	2	2	TCGA-A8-A097	0.15625
TCGA-A8-A097:2:79253898:G	216	40	2	2	2	TCGA-A8-A097	0.15625
TCGA-A8-A097:6:130466530:A	94	95	2	0	2	TCGA-A8-A097	0.502645502645503
TCGA-A8-A097:20:42204866:G	23	11	2	1	2	TCGA-A8-A097	0.323529411764706
TCGA-A8-A097:4:72432765:T	229	47	2	2	2	TCGA-A8-A097	0.170289855072464
TCGA-A8-A097:5:145859431:G	41	26	2	2	2	TCGA-A8-A097	0.388059701492537
TCGA-A8-A097:1:152058564:C	180	118	2	2	3	TCGA-A8-A097	0.395973154362416
TCGA-A8-A097:9:120475977:T	46	33	2	1	2	TCGA-A8-A097	0.417721518987342
TCGA-A8-A097:6:47202544:C	47	23	2	1	2	TCGA-A8-A097	0.328571428571429
TCGA-A8-A097:11:89531356:A	67	17	2	0	2	TCGA-A8-A097	0.202380952380952
TCGA-A8-A097:1:28904118:A	23	21	2	0	2	TCGA-A8-A097	0.477272727272727
TCGA-A8-A097:2:179599535:A	67	18	2	1	2	TCGA-A8-A097	0.211764705882353
TCGA-A8-A097:7:158723189:G	138	88	2	1	2	TCGA-A8-A097	0.389380530973451
TCGA-A8-A097:11:64854242:C	71	16	2	0	2	TCGA-A8-A097	0.183908045977011
TCGA-A8-A097:6:28093507:G	81	29	2	2	2	TCGA-A8-A097	0.263636363636364
TCGA-A8-A097:15:43658336:A	65	11	2	0	3	TCGA-A8-A097	0.144736842105263
TCGA-A8-A097:4:74363407:G	158	20	2	2	2	TCGA-A8-A097	0.112359550561798
TCGA-A8-A097:16:21011634:C	185	26	2	2	2	TCGA-A8-A097	0.123222748815166
TCGA-A8-A097:21:46011700:G	179	98	2	1	2	TCGA-A8-A097	0.353790613718412
TCGA-A8-A097:11:12265628:C	145	48	2	2	2	TCGA-A8-A097	0.248704663212435
TCGA-A8-A097:7:100647276:C	70	10	2	1	2	TCGA-A8-A097	0.125
TCGA-A8-A097:18:40853980:A	129	49	2	2	2	TCGA-A8-A097	0.275280898876405
TCGA-A8-A097:12:72388264:T	130	22	2	1	2	TCGA-A8-A097	0.144736842105263
TCGA-A8-A097:2:179425922:C	70	8	2	1	2	TCGA-A8-A097	0.102564102564103
TCGA-A8-A097:9:99580237:T	151	26	2	1	2	TCGA-A8-A097	0.146892655367232
